	4,99603174603
	4,99206349206
	4,9880952381
	4,98412698413
	4,98015873016
	4,97619047619
	4,97222222222
	4,96825396825
	4,96428571429
	4,96031746032
	4,95634920635
	4,95238095238
	4,94841269841
	4,94444444444
	4,94047619048
	4,93650793651
	4,93253968254
	4,92857142857
	4,9246031746
	4,92063492063
	4,91666666667
	4,9126984127
	4,90873015873
	4,90476190476
	4,90079365079
	4,89682539683
	4,89285714286
	4,88888888889
	4,88492063492
	4,88095238095
	4,87698412698
	4,87301587302
	4,86904761905
	4,86507936508
	4,86111111111
	4,85714285714
	4,85317460317
	4,84920634921
	4,84523809524
	4,84126984127
	4,8373015873
	4,83333333333
	4,82936507937
	4,8253968254
	4,82142857143
	4,81746031746
	4,81349206349
	4,80952380952
	4,80555555556
	4,80158730159
	4,79761904762
	4,79365079365
	4,78968253968
	4,78571428571
	4,78174603175
	4,77777777778
	4,77380952381
	4,76984126984
	4,76587301587
	4,7619047619
	4,75793650794
	4,75396825397
	4,75
	4,74603174603
	4,74206349206
	4,7380952381
	4,73412698413
	4,73015873016
	4,72619047619
	4,72222222222
	4,71825396825
	4,71428571429
	4,71031746032
	4,70634920635
	4,70238095238
	4,69841269841
	4,69444444444
	4,69047619048
	4,68650793651
	4,68253968254
	4,67857142857
	4,6746031746
	4,67063492063
	4,66666666667
	4,6626984127
	4,65873015873
	4,65476190476
	4,65079365079
	4,64682539683
	4,64285714286
	4,63888888889
	4,63492063492
	4,63095238095
	4,62698412698
	4,62301587302
	4,61904761905
	4,61507936508
	4,61111111111
	4,60714285714
	4,60317460317
	4,59920634921
	4,59523809524
	4,59126984127
	4,5873015873
	4,58333333333
	4,57936507937
	4,5753968254
	4,57142857143
	4,56746031746
	4,56349206349
	4,55952380952
	4,55555555556
	4,55158730159
	4,54761904762
	4,54365079365
	4,53968253968
	4,53571428571
	4,53174603175
	4,52777777778
	4,52380952381
	4,51984126984
	4,51587301587
	4,5119047619
	4,50793650794
	4,50396825397
	4,5
	4,49603174603
	4,49206349206
	4,4880952381
	4,48412698413
	4,48015873016
	4,47619047619
	4,47222222222
	4,46825396825
	4,46428571429
	4,46031746032
	4,45634920635
	4,45238095238
	4,44841269841
	4,44444444444
	4,44047619048
	4,43650793651
	4,43253968254
	4,42857142857
	4,4246031746
	4,42063492063
	4,41666666667
	4,4126984127
	4,40873015873
	4,40476190476
	4,40079365079
	4,39682539683
	4,39285714286
	4,38888888889
	4,38492063492
	4,38095238095
	4,37698412698
	4,37301587302
	4,36904761905
	4,36507936508
	4,36111111111
	4,35714285714
	4,35317460317
	4,34920634921
	4,34523809524
	4,34126984127
	4,3373015873
	4,33333333333
	4,32936507937
	4,3253968254
	4,32142857143
	4,31746031746
	4,31349206349
	4,30952380952
	4,30555555556
	4,30158730159
	4,29761904762
	4,29365079365
	4,28968253968
	4,28571428571
	4,28174603175
	4,27777777778
	4,27380952381
	4,26984126984
	4,26587301587
	4,2619047619
	4,25793650794
	4,25396825397
	4,25
	4,24603174603
	4,24206349206
	4,2380952381
	4,23412698413
	4,23015873016
	4,22619047619
	4,22222222222
	4,21825396825
	4,21428571429
	4,21031746032
	4,20634920635
	4,20238095238
	4,19841269841
	4,19444444444
	4,19047619048
	4,18650793651
	4,18253968254
	4,17857142857
	4,1746031746
	4,17063492063
	4,16666666667
	4,1626984127
	4,15873015873
	4,15476190476
	4,15079365079
	4,14682539683
	4,14285714286
	4,13888888889
	4,13492063492
	4,13095238095
	4,12698412698
	4,12301587302
	4,11904761905
	4,11507936508
	4,11111111111
	4,10714285714
	4,10317460317
	4,09920634921
	4,09523809524
	4,09126984127
	4,0873015873
	4,08333333333
	4,07936507937
	4,0753968254
	4,07142857143
	4,06746031746
	4,06349206349
	4,05952380952
	4,05555555556
	4,05158730159
	4,04761904762
	4,04365079365
	4,03968253968
	4,03571428571
	4,03174603175
	4,02777777778
	4,02380952381
	4,01984126984
	4,01587301587
	4,0119047619
	4,00793650794
	4,00396825397
	4,0
	3,99603174603
	3,99206349206
	3,9880952381
	3,98412698413
	3,98015873016
	3,97619047619
	3,97222222222
	3,96825396825
	3,96428571429
	3,96031746032
	3,95634920635
	3,95238095238
	3,94841269841
	3,94444444444
	3,94047619048
	3,93650793651
	3,93253968254
	3,92857142857
	3,9246031746
	3,92063492063
	3,91666666667
	3,9126984127
	3,90873015873
	3,90476190476
	3,90079365079
	3,89682539683
	3,89285714286
	3,88888888889
	3,88492063492
	3,88095238095
	3,87698412698
	3,87301587302
	3,86904761905
	3,86507936508
	3,86111111111
	3,85714285714
	3,85317460317
	3,84920634921
	3,84523809524
	3,84126984127
	3,8373015873
	3,83333333333
	3,82936507937
	3,8253968254
	3,82142857143
	3,81746031746
	3,81349206349
	3,80952380952
	3,80555555556
	3,80158730159
	3,79761904762
	3,79365079365
	3,78968253968
	3,78571428571
	3,78174603175
	3,77777777778
	3,77380952381
	3,76984126984
	3,76587301587
	3,7619047619
	3,75793650794
	3,75396825397
	3,75
	3,74603174603
	3,74206349206
	3,7380952381
	3,73412698413
	3,73015873016
	3,72619047619
	3,72222222222
	3,71825396825
	3,71428571429
	3,71031746032
	3,70634920635
	3,70238095238
	3,69841269841
	3,69444444444
	3,69047619048
	3,68650793651
	3,68253968254
	3,67857142857
	3,6746031746
	3,67063492063
	3,66666666667
	3,6626984127
	3,65873015873
	3,65476190476
	3,65079365079
	3,64682539683
	3,64285714286
	3,63888888889
	3,63492063492
	3,63095238095
	3,62698412698
	3,62301587302
	3,61904761905
	3,61507936508
	3,61111111111
	3,60714285714
	3,60317460317
	3,59920634921
	3,59523809524
	3,59126984127
	3,5873015873
	3,58333333333
	3,57936507937
	3,5753968254
	3,57142857143
	3,56746031746
	3,56349206349
	3,55952380952
	3,55555555556
	3,55158730159
	3,54761904762
	3,54365079365
	3,53968253968
	3,53571428571
	3,53174603175
	3,52777777778
	3,52380952381
	3,51984126984
	3,51587301587
	3,5119047619
	3,50793650794
	3,50396825397
	3,5
	3,49603174603
	3,49206349206
	3,4880952381
	3,48412698413
	3,48015873016
	3,47619047619
	3,47222222222
	3,46825396825
	3,46428571429
	3,46031746032
	3,45634920635
	3,45238095238
	3,44841269841
	3,44444444444
	3,44047619048
	3,43650793651
	3,43253968254
	3,42857142857
	3,4246031746
	3,42063492063
	3,41666666667
	3,4126984127
	3,40873015873
	3,40476190476
	3,40079365079
	3,39682539683
	3,39285714286
	3,38888888889
	3,38492063492
	3,38095238095
	3,37698412698
	3,37301587302
	3,36904761905
	3,36507936508
	3,36111111111
	3,35714285714
	3,35317460317
	3,34920634921
	3,34523809524
	3,34126984127
	3,3373015873
	3,33333333333
	3,32936507937
	3,3253968254
	3,32142857143
	3,31746031746
	3,31349206349
	3,30952380952
	3,30555555556
	3,30158730159
	3,29761904762
	3,29365079365
	3,28968253968
	3,28571428571
	3,28174603175
	3,27777777778
	3,27380952381
	3,26984126984
	3,26587301587
	3,2619047619
	3,25793650794
	3,25396825397
	3,25
	3,24603174603
	3,24206349206
	3,2380952381
	3,23412698413
	3,23015873016
	3,22619047619
	3,22222222222
	3,21825396825
	3,21428571429
	3,21031746032
	3,20634920635
	3,20238095238
	3,19841269841
	3,19444444444
	3,19047619048
	3,18650793651
	3,18253968254
	3,17857142857
	3,1746031746
	3,17063492063
	3,16666666667
	3,1626984127
	3,15873015873
	3,15476190476
	3,15079365079
	3,14682539683
	3,14285714286
	3,13888888889
	3,13492063492
	3,13095238095
	3,12698412698
	3,12301587302
	3,11904761905
	3,11507936508
	3,11111111111
	3,10714285714
	3,10317460317
	3,09920634921
	3,09523809524
	3,09126984127
	3,0873015873
	3,08333333333
	3,07936507937
	3,0753968254
	3,07142857143
	3,06746031746
	3,06349206349
	3,05952380952
	3,05555555556
	3,05158730159
	3,04761904762
	3,04365079365
	3,03968253968
	3,03571428571
	3,03174603175
	3,02777777778
	3,02380952381
	3,01984126984
	3,01587301587
	3,0119047619
	3,00793650794
	3,00396825397
	3,0
	2,99603174603
	2,99206349206
	2,9880952381
	2,98412698413
	2,98015873016
	2,97619047619
	2,97222222222
	2,96825396825
	2,96428571429
	2,96031746032
	2,95634920635
	2,95238095238
	2,94841269841
	2,94444444444
	2,94047619048
	2,93650793651
	2,93253968254
	2,92857142857
	2,9246031746
	2,92063492063
	2,91666666667
	2,9126984127
	2,90873015873
	2,90476190476
	2,90079365079
	2,89682539683
	2,89285714286
	2,88888888889
	2,88492063492
	2,88095238095
	2,87698412698
	2,87301587302
	2,86904761905
	2,86507936508
	2,86111111111
	2,85714285714
	2,85317460317
	2,84920634921
	2,84523809524
	2,84126984127
	2,8373015873
	2,83333333333
	2,82936507937
	2,8253968254
	2,82142857143
	2,81746031746
	2,81349206349
	2,80952380952
	2,80555555556
	2,80158730159
	2,79761904762
	2,79365079365
	2,78968253968
	2,78571428571
	2,78174603175
	2,77777777778
	2,77380952381
	2,76984126984
	2,76587301587
	2,7619047619
	2,75793650794
	2,75396825397
	2,75
	2,74603174603
	2,74206349206
	2,7380952381
	2,73412698413
	2,73015873016
	2,72619047619
	2,72222222222
	2,71825396825
	2,71428571429
	2,71031746032
	2,70634920635
	2,70238095238
	2,69841269841
	2,69444444444
	2,69047619048
	2,68650793651
	2,68253968254
	2,67857142857
	2,6746031746
	2,67063492063
	2,66666666667
	2,6626984127
	2,65873015873
	2,65476190476
	2,65079365079
	2,64682539683
	2,64285714286
	2,63888888889
	2,63492063492
	2,63095238095
	2,62698412698
	2,62301587302
	2,61904761905
	2,61507936508
	2,61111111111
	2,60714285714
	2,60317460317
	2,59920634921
	2,59523809524
	2,59126984127
	2,5873015873
	2,58333333333
	2,57936507937
	2,5753968254
	2,57142857143
	2,56746031746
	2,56349206349
	2,55952380952
	2,55555555556
	2,55158730159
	2,54761904762
	2,54365079365
	2,53968253968
	2,53571428571
	2,53174603175
	2,52777777778
	2,52380952381
	2,51984126984
	2,51587301587
	2,5119047619
	2,50793650794
	2,50396825397
	2,5
	2,49603174603
	2,49206349206
	2,4880952381
	2,48412698413
	2,48015873016
	2,47619047619
	2,47222222222
	2,46825396825
	2,46428571429
	2,46031746032
	2,45634920635
	2,45238095238
	2,44841269841
	2,44444444444
	2,44047619048
	2,43650793651
	2,43253968254
	2,42857142857
	2,4246031746
	2,42063492063
	2,41666666667
	2,4126984127
	2,40873015873
	2,40476190476
	2,40079365079
	2,39682539683
	2,39285714286
	2,38888888889
	2,38492063492
	2,38095238095
	2,37698412698
	2,37301587302
	2,36904761905
	2,36507936508
	2,36111111111
	2,35714285714
	2,35317460317
	2,34920634921
	2,34523809524
	2,34126984127
	2,3373015873
	2,33333333333
	2,32936507937
	2,3253968254
	2,32142857143
	2,31746031746
	2,31349206349
	2,30952380952
	2,30555555556
	2,30158730159
	2,29761904762
	2,29365079365
	2,28968253968
	2,28571428571
	2,28174603175
	2,27777777778
	2,27380952381
	2,26984126984
	2,26587301587
	2,2619047619
	2,25793650794
	2,25396825397
	2,25
	2,24603174603
	2,24206349206
	2,2380952381
	2,23412698413
	2,23015873016
	2,22619047619
	2,22222222222
	2,21825396825
	2,21428571429
	2,21031746032
	2,20634920635
	2,20238095238
	2,19841269841
	2,19444444444
	2,19047619048
	2,18650793651
	2,18253968254
	2,17857142857
	2,1746031746
	2,17063492063
	2,16666666667
	2,1626984127
	2,15873015873
	2,15476190476
	2,15079365079
	2,14682539683
	2,14285714286
	2,13888888889
	2,13492063492
	2,13095238095
	2,12698412698
	2,12301587302
	2,11904761905
	2,11507936508
	2,11111111111
	2,10714285714
	2,10317460317
	2,09920634921
	2,09523809524
	2,09126984127
	2,0873015873
	2,08333333333
	2,07936507937
	2,0753968254
	2,07142857143
	2,06746031746
	2,06349206349
	2,05952380952
	2,05555555556
	2,05158730159
	2,04761904762
	2,04365079365
	2,03968253968
	2,03571428571
	2,03174603175
	2,02777777778
	2,02380952381
	2,01984126984
	2,01587301587
	2,0119047619
	2,00793650794
	2,00396825397
	2,0
	1,99603174603
	1,99206349206
	1,9880952381
	1,98412698413
	1,98015873016
	1,97619047619
	1,97222222222
	1,96825396825
	1,96428571429
	1,96031746032
	1,95634920635
	1,95238095238
	1,94841269841
	1,94444444444
	1,94047619048
	1,93650793651
	1,93253968254
	1,92857142857
	1,9246031746
	1,92063492063
	1,91666666667
	1,9126984127
	1,90873015873
	1,90476190476
	1,90079365079
	1,89682539683
	1,89285714286
	1,88888888889
	1,88492063492
	1,88095238095
	1,87698412698
	1,87301587302
	1,86904761905
	1,86507936508
	1,86111111111
	1,85714285714
	1,85317460317
	1,84920634921
	1,84523809524
	1,84126984127
	1,8373015873
	1,83333333333
	1,82936507937
	1,8253968254
	1,82142857143
	1,81746031746
	1,81349206349
	1,80952380952
	1,80555555556
	1,80158730159
	1,79761904762
	1,79365079365
	1,78968253968
	1,78571428571
	1,78174603175
	1,77777777778
	1,77380952381
	1,76984126984
	1,76587301587
	1,7619047619
	1,75793650794
	1,75396825397
	1,75
	1,74603174603
	1,74206349206
	1,7380952381
	1,73412698413
	1,73015873016
	1,72619047619
	1,72222222222
	1,71825396825
	1,71428571429
	1,71031746032
	1,70634920635
	1,70238095238
	1,69841269841
	1,69444444444
	1,69047619048
	1,68650793651
	1,68253968254
	1,67857142857
	1,6746031746
	1,67063492063
	1,66666666667
	1,6626984127
	1,65873015873
	1,65476190476
	1,65079365079
	1,64682539683
	1,64285714286
	1,63888888889
	1,63492063492
	1,63095238095
	1,62698412698
	1,62301587302
	1,61904761905
	1,61507936508
	1,61111111111
	1,60714285714
	1,60317460317
	1,59920634921
	1,59523809524
	1,59126984127
	1,5873015873
	1,58333333333
	1,57936507937
	1,5753968254
	1,57142857143
	1,56746031746
	1,56349206349
	1,55952380952
	1,55555555556
	1,55158730159
	1,54761904762
	1,54365079365
	1,53968253968
	1,53571428571
	1,53174603175
	1,52777777778
	1,52380952381
	1,51984126984
	1,51587301587
	1,5119047619
	1,50793650794
	1,50396825397
	1,5
	1,49603174603
	1,49206349206
	1,4880952381
	1,48412698413
	1,48015873016
	1,47619047619
	1,47222222222
	1,46825396825
	1,46428571429
	1,46031746032
	1,45634920635
	1,45238095238
	1,44841269841
	1,44444444444
	1,44047619048
	1,43650793651
	1,43253968254
	1,42857142857
	1,4246031746
	1,42063492063
	1,41666666667
	1,4126984127
	1,40873015873
	1,40476190476
	1,40079365079
	1,39682539683
	1,39285714286
	1,38888888889
	1,38492063492
	1,38095238095
	1,37698412698
	1,37301587302
	1,36904761905
	1,36507936508
	1,36111111111
	1,35714285714
	1,35317460317
	1,34920634921
	1,34523809524
	1,34126984127
	1,3373015873
	1,33333333333
	1,32936507937
	1,3253968254
	1,32142857143
	1,31746031746
	1,31349206349
	1,30952380952
	1,30555555556
	1,30158730159
	1,29761904762
	1,29365079365
	1,28968253968
	1,28571428571
	1,28174603175
	1,27777777778
	1,27380952381
	1,26984126984
	1,26587301587
	1,2619047619
	1,25793650794
	1,25396825397
	1,25
	1,24603174603
	1,24206349206
	1,2380952381
	1,23412698413
	1,23015873016
	1,22619047619
	1,22222222222
	1,21825396825
	1,21428571429
	1,21031746032
	1,20634920635
	1,20238095238
	1,19841269841
	1,19444444444
	1,19047619048
	1,18650793651
	1,18253968254
	1,17857142857
	1,1746031746
	1,17063492063
	1,16666666667
	1,1626984127
	1,15873015873
	1,15476190476
	1,15079365079
	1,14682539683
	1,14285714286
	1,13888888889
	1,13492063492
	1,13095238095
	1,12698412698
	1,12301587302
	1,11904761905
	1,11507936508
	1,11111111111
	1,10714285714
	1,10317460317
	1,09920634921
	1,09523809524
	1,09126984127
	1,0873015873
	1,08333333333
	1,07936507937
	1,0753968254
	1,07142857143
	1,06746031746
	1,06349206349
	1,05952380952
	1,05555555556
	1,05158730159
	1,04761904762
	1,04365079365
	1,03968253968
	1,03571428571
	1,03174603175
	1,02777777778
	1,02380952381
	1,01984126984
	1,01587301587
	1,0119047619
	1,00793650794
	1,00396825397
	1,0
	0,996031746032
	0,992063492063
	0,988095238095
	0,984126984127
	0,980158730159
	0,97619047619
	0,972222222222
	0,968253968254
	0,964285714286
	0,960317460317
	0,956349206349
	0,952380952381
	0,948412698413
	0,944444444444
	0,940476190476
	0,936507936508
	0,93253968254
	0,928571428571
	0,924603174603
	0,920634920635
	0,916666666667
	0,912698412698
	0,90873015873
	0,904761904762
	0,900793650794
	0,896825396825
	0,892857142857
	0,888888888889
	0,884920634921
	0,880952380952
	0,876984126984
	0,873015873016
	0,869047619048
	0,865079365079
	0,861111111111
	0,857142857143
	0,853174603175
	0,849206349206
	0,845238095238
	0,84126984127
	0,837301587302
	0,833333333333
	0,829365079365
	0,825396825397
	0,821428571429
	0,81746031746
	0,813492063492
	0,809523809524
	0,805555555556
	0,801587301587
	0,797619047619
	0,793650793651
	0,789682539683
	0,785714285714
	0,781746031746
	0,777777777778
	0,77380952381
	0,769841269841
	0,765873015873
	0,761904761905
	0,757936507937
	0,753968253968
	0,75
	0,746031746032
	0,742063492063
	0,738095238095
	0,734126984127
	0,730158730159
	0,72619047619
	0,722222222222
	0,718253968254
	0,714285714286
	0,710317460317
	0,706349206349
	0,702380952381
	0,698412698413
	0,694444444444
	0,690476190476
	0,686507936508
	0,68253968254
	0,678571428571
	0,674603174603
	0,670634920635
	0,666666666667
	0,662698412698
	0,65873015873
	0,654761904762
	0,650793650794
	0,646825396825
	0,642857142857
	0,638888888889
	0,634920634921
	0,630952380952
	0,626984126984
	0,623015873016
	0,619047619048
	0,615079365079
	0,611111111111
	0,607142857143
	0,603174603175
	0,599206349206
	0,595238095238
	0,59126984127
	0,587301587302
	0,583333333333
	0,579365079365
	0,575396825397
	0,571428571429
	0,56746031746
	0,563492063492
	0,559523809524
	0,555555555556
	0,551587301587
	0,547619047619
	0,543650793651
	0,539682539683
	0,535714285714
	0,531746031746
	0,527777777778
	0,52380952381
	0,519841269841
	0,515873015873
	0,511904761905
	0,507936507937
	0,503968253968
	0,5
	0,496031746032
	0,492063492063
	0,488095238095
	0,484126984127
	0,480158730159
	0,47619047619
	0,472222222222
	0,468253968254
	0,464285714286
	0,460317460317
	0,456349206349
	0,452380952381
	0,448412698413
	0,444444444444
	0,440476190476
	0,436507936508
	0,43253968254
	0,428571428571
	0,424603174603
	0,420634920635
	0,416666666667
	0,412698412698
	0,40873015873
	0,404761904762
	0,400793650794
	0,396825396825
	0,392857142857
	0,388888888889
	0,384920634921
	0,380952380952
	0,376984126984
	0,373015873016
	0,369047619048
	0,365079365079
	0,361111111111
	0,357142857143
	0,353174603175
	0,349206349206
	0,345238095238
	0,34126984127
	0,337301587302
	0,333333333333
	0,329365079365
	0,325396825397
	0,321428571429
	0,31746031746
	0,313492063492
	0,309523809524
	0,305555555556
	0,301587301587
	0,297619047619
	0,293650793651
	0,289682539683
	0,285714285714
	0,281746031746
	0,277777777778
	0,27380952381
	0,269841269841
	0,265873015873
	0,261904761905
	0,257936507937
	0,253968253968
	0,25
	0,246031746032
	0,242063492063
	0,238095238095
	0,234126984127
	0,230158730159
	0,22619047619
	0,222222222222
	0,218253968254
	0,214285714286
	0,210317460317
	0,206349206349
	0,202380952381
	0,198412698413
	0,194444444444
	0,190476190476
	0,186507936508
	0,18253968254
	0,178571428571
	0,174603174603
	0,170634920635
	0,166666666667
	0,162698412698
	0,15873015873
	0,154761904762
	0,150793650794
	0,146825396825
	0,142857142857
	0,138888888889
	0,134920634921
	0,130952380952
	0,126984126984
	0,123015873016
	0,119047619048
	0,115079365079
	0,111111111111
	0,107142857143
	0,103174603175
	0,0992063492063
	0,0952380952381
	0,0912698412698
	0,0873015873016
	0,0833333333333
	0,0793650793651
	0,0753968253968
	0,0714285714286
	0,0674603174603
	0,0634920634921
	0,0595238095238
	0,0555555555556
	0,0515873015873
	0,047619047619
	0,0436507936508
	0,0396825396825
	0,0357142857143
	0,031746031746
	0,0277777777778
	0,0238095238095
	0,0198412698413
	0,015873015873
	0,0119047619048
	0,00793650793651
0,00396825396825
